-1.965295623681690140e-01
-1.563861504570688010e-01
-1.411254126559544075e-01
-2.886166448873418999e-01
1.711194064932790304e-01
-2.483888522307392543e-01
9.037370103406249244e-01
-3.213232832560780627e-01
8.696459100842333090e-01
7.160655439390612997e-01
2.641190443203830784e-01
-2.141761846612891262e-01
2.738423278649922410e-01
5.972321531817422757e-01
9.068817119760548273e-01
-5.028383747845392993e-01
-2.442805972293200789e-02
-1.714792650288902154e-01
8.074381835737619584e-01
-1.598718156135625623e-01
-1.989040171860883000e-01
8.404487287004580587e-02
9.460931029364719747e-01
-3.684477974719833071e-01
3.044781363051022316e-01
7.249299283942483019e-01
8.585946845018179729e-01
8.052810209161604948e-01
-2.484147767844482185e-02
6.999213709231548730e-01
-4.745775277504049039e-01
4.673395745634726373e-01
7.947232548124335549e-01
9.587736841336119697e-01
3.526998164502059829e-02
9.200161874278605101e-01
-4.947283262896317590e-01
-2.601655667694405816e-01
7.960852866915331116e-01
9.102596042876905935e-01
-6.757584481862327630e-02
-3.901179635013229952e-02
5.714132283379612653e-01
6.709422890731702172e-01
7.362313958003422476e-01
7.974906344166077243e-01
7.028909163012033723e-01
-4.634696471458260025e-01
7.758897579156069924e-01
-2.307548153436612959e-01
4.796754193991247250e-01
-3.418585872321550645e-01
-1.248237904024731698e-01
9.617262127911123670e-01
7.246498839782757884e-01
-1.850396577037915768e-01
-1.261747260513763624e-01
8.028131747749690517e-01
8.271915918916326049e-01
-6.678340324509761394e-02
8.048961134955201491e-01
2.748524681437078399e-01
-4.556201763825627471e-01
-3.655583341645075590e-01
-2.193086397351697026e-01
8.064664029799870626e-01
-1.744909124746289730e-02
6.028568705321241117e-02
9.068697933831291191e-01
-4.628914386699332084e-01
-4.373556538399936411e-02
9.488196153937547006e-01
-3.472178612820256416e-01
-1.359743896124607221e-01
-4.082159937887572254e-01
-2.929115799244961793e-01
-1.805868705085093839e-01
4.256865502597340090e-01
-2.580962259883649024e-01
-4.352725347482798157e-01
-5.722283155195957705e-02
9.119625969044202751e-01
-1.220878025209770346e-01
7.501919253657771680e-01
-1.625313400129737573e-01
2.234997236839849355e-01
3.548560055114138856e-01
8.434982874442258360e-01
-4.530402756882767612e-02
-5.295229678772694903e-01
-3.549652376980253626e-02
-3.190482271707067996e-02
-4.896823700516996780e-01
8.123905196752406743e-01
4.873064735008892923e-01
-4.162361625527679077e-01
-1.203386604396090576e-01
-1.063341216851929755e-01
-3.403710845133399721e-01
6.676972996455339260e-01
6.071012305439865697e-01
-2.385750773441964179e-01
-8.748395515928966693e-02
-4.480520913974933017e-01
6.620284014878192735e-01
8.853457443619939804e-01
-1.073338873825665646e-01
-8.995784381599339352e-02
9.542175496713435345e-01
2.866689323567850889e-01
-5.241462692407016649e-02
9.763650655542458479e-01
6.022876730206720985e-01
-3.294285869484219753e-01
8.377164383185937702e-01
9.747688801671958725e-01
7.918939482860587464e-01
7.319580583609059526e-03
-1.971741544612932717e-01
5.145937314518866934e-01
8.949515740350015847e-01
7.455262688763806267e-01
-4.129189910827059107e-01
7.657117889310780523e-01
7.825316856503454765e-01
7.325883168197689921e-01
-4.314118192307769828e-01
8.351698039854033029e-01
-2.467959427483215340e-01
3.048814168210632336e-01
-2.463187639070793244e-01
7.978549364466291927e-03
-2.594558160958170823e-01
6.147575130404723254e-01
-1.780006697745370736e-01
4.641194041370869661e-01
-1.561020404099126568e-01
-5.995467767140489485e-02
-4.488018785629644958e-01
-2.385253643762354492e-01
9.268581852423823930e-01
3.115969815462475423e-01
5.272611990953447458e-01
6.039623454120555124e-01
2.907243689985806734e-01
7.674783597032386329e-01
-6.354662157974069747e-02
-4.990910021830899379e-01
-1.425945885715190486e-01
-2.247293452203127928e-01
5.666483841825462053e-02
8.521215354681905829e-01
6.872892882223515798e-01
5.918568680476835597e-01
-1.932243405741452813e-01
8.211918659961894296e-01
5.484883946111371866e-01
-3.384397624130328630e-01
-4.014720254710446579e-02
-4.057436695383959124e-01
-2.958802924587223826e-01
-9.104308448799011688e-02
-9.409401267841749350e-02
-4.601985762302657212e-01
7.857901862487017830e-01
8.481731744855502964e-01
-3.201348746446158189e-01
8.694704448881844794e-01
7.133372357774587780e-01
8.784539709607962488e-01
4.665943323736291837e-01
-1.234957159023629923e-02
5.446849411228871229e-01
-1.620931376312281236e-01
7.661460208050667742e-01
-1.440272738879875281e-01
-2.095724784497240700e-01
9.282167633674455187e-01
-1.204085348071082112e-01
-4.394242904277144146e-01
-2.598771078807314838e-01
-2.389504150868494992e-01
9.584616396447506181e-01
-2.661879790015412306e-01
-4.430707627221806555e-01
9.084013470010625646e-01
-2.984737262408422853e-01
-3.148932596557489916e-01
7.018289470633415350e-01
-8.769162721038463795e-03
-2.216584761168271522e-01
4.973472466874809261e-01
-3.157410726200887141e-01
5.102050444019397002e-01
4.075287469866878953e-01
8.388304418850852651e-01
8.088324324000579768e-01
1.023104938823804211e-01
6.741263405571685796e-01
7.860202952391890374e-01
