2.311677607477813368e+00
1.850889114400099844e+00
8.675678235376298453e-01
-3.077777960539838986e+00
-1.888138218423646819e+00
-4.070163992558884836e+00
-6.116195873892995571e-01
1.503855476581605899e-03
-1.956666041248916743e-01
9.425707552592854643e-02
-2.177711975028696401e+00
4.064750464615714876e+00
1.103675834186296001e+00
6.328426495324014356e-01
-7.033164319286180355e-01
1.192524476986165816e+00
4.262207185272538723e+00
-4.161003658013413542e-01
6.240164504547141000e-02
-3.249516870406065294e+00
-4.319955581893858643e+00
3.251973849325746180e+00
-3.962044264457831866e-01
4.688680677790082463e+00
3.788940025986835547e-01
1.331304581560688316e-01
-8.786914735314392544e-02
-1.369265852843160491e+00
-5.545317430125229485e+00
2.539963855707062512e-01
1.555179898470201216e+00
9.517696605389491804e-01
4.246483916002796732e-03
-5.008689563420933855e-01
1.187964709582099765e+00
-1.083551009168685297e+00
-4.523169485875957463e-01
7.255314944020838652e-01
-4.598041756672377467e-01
-1.108205728066312901e+00
9.431659345775207370e-01
-6.067235503417261810e+00
-1.699898150211245795e+00
4.088662840362978779e-01
-3.697566968703691614e-01
-1.346670677733726729e-01
3.526597620907567232e-01
1.412951328370167126e+00
-4.372061170058841317e-01
9.080290487325362037e-01
7.474895744965176503e-01
3.457529356986097646e+00
1.506839549357339436e+00
-7.493010668161723675e-01
2.926360195728793245e-01
-2.262565297791901742e+00
-4.628288106083517484e+00
-4.841217893036076081e-01
1.732745677206738374e-02
-4.454025650506082457e+00
7.340829499247672474e-02
-1.918612800615634661e+00
6.590661255062837398e-01
7.724329868265575882e-01
-2.862444214971571199e+00
9.019070479622084968e-02
-6.185046413704586854e-02
1.265173785030421438e+00
-1.221042640987882510e+00
-2.075665729683669802e+00
-5.432708214794939039e+00
-4.132516888368951147e-01
-1.104415652906981737e+00
4.430028634558605738e+00
6.123407072881458468e+00
-2.021271578918817369e-01
-4.428467714293858215e+00
-5.994739058732467818e-01
-1.567990295787726751e+00
-1.744703568410245653e+00
2.743737961253768010e+00
-5.728297681421741228e-01
1.750017585509720863e+00
-9.967549247324936079e-01
2.196069501731637175e+00
-1.241193429307996254e-02
1.250653876795121189e+00
-2.113716642315728589e-02
1.596688906041299205e+00
5.956481168174500240e+00
-5.544758867387649559e+00
1.824992181761023069e+00
3.717049433480907883e+00
5.391880252239406035e-02
-9.135940327546560047e-01
4.182050058906252588e+00
1.044035609997823411e+00
-1.108275037732101787e+00
-2.706269317390428863e+00
2.314827555005045112e-01
6.045542139882694732e-01
4.052940266514233336e+00
-1.891455592319850609e+00
4.010232655239917676e+00
4.601845351988687050e-01
-6.759865658761046170e-01
-4.287999128510872282e+00
2.080073538508300679e+00
-4.698837475767048688e-01
1.160308834573570147e+00
3.779810131814194119e+00
-7.943385737549963910e-01
-1.765400947308125135e+00
2.659469561932732873e+00
-9.163103813134433617e-02
-7.708116134796663133e-01
-1.266005365969302687e+00
3.975279216308972963e+00
3.300056218093253779e+00
8.230371637297176912e-01
-1.843543848856036005e-01
1.095373679100326569e-01
4.865110698494863328e-01
1.528875708907782016e-01
-7.277722005524761562e-02
2.137358091805177107e-01
3.826901699322625472e+00
-2.627185311938564152e-02
-2.951693445536723637e+00
-1.092440760447937809e+00
-2.995040359746061753e-01
6.586199128744834042e-01
-1.744111246468574627e+00
3.135891844126765804e-01
-4.530793545910904996e-02
7.139260428926049729e-01
1.874962072323784756e+00
5.432771763208140037e+00
4.140978424566252869e+00
1.851670355705909987e+00
-3.351849982675014772e-01
1.366716408991824006e+00
8.193526143284936003e-01
6.099512628118632929e-01
3.767697742817015527e-01
-6.353425610530338830e-02
3.647816990853202768e+00
3.113979643415467180e+00
1.760117003670399249e+00
-4.913514400950077743e+00
3.186308393988179777e+00
-8.889132616517068097e-01
3.346473255360490895e-01
-1.239410660775337902e+00
-6.608137029404321794e-01
4.347064113975640520e-02
6.202336741377567630e-01
4.434320042989217114e-01
-5.387333500501015671e+00
4.162283903618890335e+00
6.910270016259021375e-01
-4.975483373519678842e+00
1.602573427741709633e+00
-3.588876805402181347e+00
-1.220490000980867240e-02
-3.519608143011902779e-02
-1.458569120874024350e+00
-9.055840037967304301e-01
-1.177780375808367364e+00
-1.251527529539199768e-01
-2.011586699023130809e+00
-5.317754573123609774e-01
3.693677575933931312e-01
1.803024853757932533e+00
1.026802283766492518e-02
1.756986497105582634e+00
-4.284163806493332949e-01
-7.907368584872412898e-01
-3.346619125600556188e+00
-9.614356774892485191e-02
-2.369923724548455013e+00
2.476018570543446984e+00
-9.060403852155676230e-01
4.051917622810421449e-01
5.698081530230957981e+00
-3.833818580117980268e-01
4.487740086276322593e+00
6.249402487055024658e-01
8.163287871222035808e-02
-6.092371367617670508e+00
2.283292524210158270e+00
5.846452071275582973e-01
2.660574686857542392e+00
8.709863374974164962e-01
1.141256305077721134e+00
-9.244809377097995551e-02
7.316787433920539374e-02
-4.421379247539691804e-01
4.132309603712427393e-01
7.726736960025148981e-02
