1.200707300370979309e+07
2.830060755750572309e+06
2.053349627180061489e+07
1.606087616252115695e+06
4.783638382951382664e+05
5.703832597331371158e+06
6.886166394200143404e+05
4.820699873320866609e+05
1.907380817207563668e+06
1.132473157258396241e+05
4.191204274975158740e+06
4.962777864761131350e+05
4.189604555029470939e+06
1.847467127411922906e+06
1.462725473976435314e+05
1.167846401941705728e+06
1.589606226680121850e+06
3.149976492304450367e+06
4.076744912440450280e+05
1.230337345224579331e+05
2.117774065487577580e+06
1.181130587482643750e+05
1.183327665896197315e+06
4.787750749996095896e+06
5.785120763921174221e+05
9.577387172841325402e+06
4.094136188127024216e+05
1.099017952136944979e+06
1.743962088956639171e+06
1.470248425078270957e+06
4.948321433283230872e+05
3.468906249197189696e+06
5.675753181982778013e+06
2.497052340170040354e+07
4.649183427396704210e+05
1.463161453960648738e+07
7.772321398300545989e+05
1.288509786362263141e+06
4.540732492057377240e+05
1.017657977609032393e+07
2.684629807630491443e+06
7.236615215514454059e+06
4.598350934228256228e+05
2.035863085371331836e+05
3.453020595787628554e+06
1.085020545292133093e+07
6.563929873806294054e+06
3.442970219271063688e+05
9.948880055883829482e+05
1.477462309438143391e+06
1.527578745977265062e+06
2.277807937141360017e+05
4.056871010571483988e+06
2.183873694561043230e+05
2.127407713584998157e+06
3.522158707409556955e+05
5.846707165420159698e+06
4.574528301668090746e+06
2.959765614468432497e+06
6.963038714716545073e+05
1.098598467429748364e+07
4.080023421158492099e+06
3.985492003366968129e+06
3.186520867633424932e+05
3.455773316100746742e+05
2.807890790889808442e+06
3.827106632342412486e+05
1.382968334164195880e+07
6.567700203212366905e+05
9.049442360288241180e+05
2.674052473649111344e+05
2.523963151248363138e+05
3.446972188515071175e+05
1.606585280674420530e+06
7.994630199947269866e+05
1.960012839716357179e+06
8.540657043548102956e+05
1.070503570831768773e+07
1.947205299346133368e+06
3.753511359373006038e+06
2.219430624619151931e+06
7.459830060788212344e+06
4.392413140134573914e+06
8.100480822852658108e+06
3.009592038804227021e+06
3.099623237291451078e+05
4.322482537987335236e+05
9.317480473731533857e+05
4.432113274905512226e+05
1.482184299397191033e+06
8.785873496844904730e+05
2.236948123689799570e+06
2.913300019691126421e+06
2.156309804858940188e+05
2.967196676152725704e+05
1.968502746298012207e+05
4.727941209410755895e+06
1.979200206115632318e+06
1.152213170204911381e+06
5.431737664029125590e+05
1.659350389272312168e+06
3.153664032316533849e+05
3.469941942105056369e+05
5.755697111911488697e+06
6.790627462267243303e+06
1.079942146850201068e+06
2.614699465274499264e+06
2.730027580239753239e+06
2.599855117799685686e+05
6.455616762928103562e+05
6.699276633173809387e+06
3.386955972210376058e+05
8.310036102299833670e+06
3.907444164055396803e+06
1.555271496927808737e+06
7.603650653011417016e+05
5.321582853174675256e+05
2.419449489556032233e+06
3.747306666698468383e+06
1.438549051882248139e+06
8.533553007890824229e+06
1.467702466729780426e+06
3.824995511791004799e+06
1.698584639536060276e+05
7.234733685095231049e+05
3.115353002301973756e+06
2.615232539735342725e+05
7.606002506680773571e+06
1.573360673116572434e+06
1.603861758086067857e+06
7.576898209482169477e+05
9.451215651233641431e+06
1.160381047995947674e+07
1.815622902420688188e+05
1.529093418557885452e+05
7.228500644445862854e+05
1.108054973791319132e+07
1.404659560885353421e+05
2.082967135363236011e+05
4.754518533361860900e+05
4.300202416163849644e+06
2.673268801057839300e+06
2.651405882029947825e+05
3.632074343555349042e+05
5.173093650563646108e+06
1.336284429333266453e+05
2.411211205197766831e+05
3.473982978374340106e+06
1.904072492571286566e+05
1.562210462533631944e+05
3.700016939746302669e+05
1.341891102649670502e+05
2.399102993597345194e+05
1.259428892331556184e+06
8.208216244486499578e+06
7.414614601429610047e+05
9.062853936861498281e+06
5.472632243508138694e+06
3.092182836408455856e+06
1.036004489295679890e+07
1.974084468760036863e+06
1.461196945772882178e+07
5.368535776498047635e+06
5.571565365768574411e+05
1.031031742124149227e+06
1.836022146083404124e+07
6.591447873793944018e+04
2.302764125671314541e+06
1.118491671354552498e+06
4.044447580369890667e+06
1.156766126205670414e+06
1.376954293656929396e+06
3.981886621992329601e+06
1.278072422870214563e+06
5.428592345746862702e+06
5.490386552955029532e+06
1.507050953342678957e+07
4.156840408806254272e+05
5.508000521945608780e+05
2.269837583774494007e+06
2.108228696812207811e+06
1.900996853562207252e+05
3.336463822988140862e+06
1.027199723930316046e+06
8.822973963025338948e+06
3.701927521805160213e+05
3.314501414428282529e+07
5.369386655103348894e+05
2.770463007941004261e+07
1.132908969761048444e+06
2.084147913851867197e+06
3.286419071960815229e+06
3.826765414009711239e+05
1.150231581318991724e+06
6.969229694018409355e+05
5.104401315963758971e+05
9.407753134138729423e+06
3.053397715471537085e+05
4.349787112662043422e+06
3.137465328863122850e+05
6.130488366681982297e+05
2.071710738353281096e+07
4.361520644916473888e+06
7.361659059702405648e+04
1.567166717167969421e+07
4.425884655934700277e+05
1.969043436372763291e+07
5.696556108907904476e+06
1.225296943459298462e+06
1.558913779069331288e+07
1.820277614421478938e+06
1.797106760043645278e+06
1.043642768516317126e+06
4.719139487991575152e+05
1.786188870800304576e+05
8.150364973919057520e+05
1.519452507554010302e+07
3.139472615148037206e+06
1.957354872990596632e+05
1.226000816540050553e+06
8.752261839511435479e+06
8.848346422049703076e+06
5.680647737234171946e+05
3.345907386806984432e+05
9.110836813016679138e+06
1.804704601158313453e+05
4.498128857482973486e+06
2.718577136807714123e+05
2.252950013300560880e+06
1.805992236239478923e+06
1.115591538788456091e+05
1.321540825755523401e+05
2.599600822865943890e+06
6.821070957081419416e+06
5.021216637976850383e+06
1.636536101157567278e+07
3.601894505712242099e+05
1.367580486167717027e+06
2.577965648798976326e+05
5.621580415187904146e+05
3.171172419782086508e+05
9.579851172878150828e+05
2.180820794452279340e+06
6.544718137463652529e+05
1.331406243428866751e+07
5.726175182886042632e+06
1.160329382430697605e+07
1.424962421303337906e+05
4.012555963012500433e+05
3.277438366478955839e+06
